Timestamp,Sensor 1,Sensor 2,Sensor 3,Sensor 4,Blink
1710827686.2590413,41.50390625,-759.765625,-355.95703125,-122.55859375,False
1710827686.2629282,-19.04296875,-673.828125,-333.984375,-165.52734375,False
1710827686.266815,-62.5,-240.72265625,-133.7890625,89.35546875,False
1710827686.270702,-9.765625,-423.33984375,-189.94140625,197.75390625,False
1710827686.2745886,30.2734375,-810.05859375,-414.0625,-66.40625,False
1710827686.2784755,0.48828125,-835.9375,-413.57421875,-192.3828125,False
1710827686.2823622,-43.9453125,-865.72265625,-315.4296875,40.0390625,False
1710827686.2862492,-18.06640625,-916.9921875,-444.3359375,238.76953125,False
1710827686.2901359,25.390625,-927.24609375,-536.1328125,21.484375,False
1710827686.2940228,7.8125,-550.78125,-235.3515625,-235.3515625,False
1710827686.2979095,-29.78515625,-259.765625,-190.91796875,-59.5703125,False
1710827686.3017964,-33.69140625,-534.1796875,-205.56640625,225.5859375,False
1710827686.3059194,11.71875,-569.82421875,-225.5859375,99.12109375,False
1710827686.3098063,48.828125,-292.48046875,-180.17578125,-176.26953125,False
1710827686.3136933,9.765625,-382.32421875,-288.0859375,-96.6796875,False
1710827686.3175802,-35.15625,-648.92578125,-315.91796875,183.59375,False
1710827686.321467,4.39453125,-561.5234375,-273.92578125,163.57421875,False
1710827686.3253539,48.828125,-621.58203125,-369.140625,-121.09375,False
1710827686.3292408,17.578125,-888.671875,-394.04296875,-151.85546875,False
1710827686.3331277,-3.41796875,-1000.0,-585.44921875,145.99609375,False
1710827686.3370147,8.7890625,-790.0390625,-510.25390625,250.9765625,False
1710827686.3409016,31.25,-229.4921875,-65.91796875,-48.828125,False
1710827686.3447883,42.48046875,-288.0859375,-170.8984375,-193.84765625,False
1710827686.3486753,-8.7890625,-584.47265625,-320.3125,34.1796875,False
1710827686.3527818,-19.04296875,-335.9375,-83.49609375,241.69921875,False
1710827686.3566687,18.5546875,-91.796875,29.296875,47.36328125,False
1710827686.3605556,41.9921875,-437.5,-226.5625,-170.8984375,False
1710827686.3644426,-2.44140625,-672.36328125,-365.234375,-29.78515625,False
1710827686.3683298,-29.296875,-412.109375,-146.97265625,222.65625,False
1710827686.3722167,16.11328125,-643.06640625,-242.1875,123.046875,False
1710827686.3761036,45.8984375,-937.98828125,-464.84375,-145.5078125,False
1710827686.3799906,4.39453125,-935.05859375,-545.41015625,-100.09765625,False
1710827686.3838775,-51.7578125,-490.234375,-133.7890625,147.4609375,False
1710827686.3877645,-7.32421875,-122.0703125,21.484375,169.43359375,False
1710827686.3916514,41.015625,-472.16796875,-192.87109375,-101.5625,False
1710827686.3955383,12.20703125,-692.3828125,-345.703125,-162.59765625,False
1710827686.399619,-40.0390625,-394.04296875,-220.703125,92.28515625,False
1710827686.403506,-6.8359375,-233.3984375,-141.11328125,237.3046875,False
1710827686.4073932,43.45703125,-540.0390625,-244.62890625,-4.39453125,False
1710827686.4112802,32.2265625,-758.7890625,-340.8203125,-201.66015625,False
1710827686.415167,-18.06640625,-432.6171875,-230.46875,-5.859375,False
1710827686.419054,-12.6953125,-500.9765625,-199.70703125,244.62890625,False
1710827686.4229412,53.7109375,-878.41796875,-536.62109375,108.3984375,False
1710827686.4268281,62.01171875,-907.2265625,-597.65625,-159.66796875,False
1710827686.430715,-20.5078125,-709.9609375,-309.08203125,-88.8671875,False
1710827686.4346023,-41.015625,-503.41796875,-150.390625,196.2890625,False
1710827686.4384892,12.6953125,-571.2890625,-221.19140625,129.8828125,False
1710827686.4423761,31.25,-534.66796875,-275.390625,-162.109375,False
1710827686.4464428,-2.44140625,-418.45703125,-284.1796875,-138.671875,False
1710827686.4503298,-28.80859375,-586.9140625,-303.22265625,153.3203125,False
1710827686.454217,1.46484375,-746.09375,-340.8203125,207.03125,False
1710827686.458104,28.3203125,-533.203125,-270.99609375,-89.35546875,False
1710827686.461991,28.80859375,-565.4296875,-320.3125,-155.2734375,False
1710827686.465878,18.06640625,-961.9140625,-531.25,139.6484375,False
1710827686.4697652,0.9765625,-966.796875,-539.55078125,278.80859375,False
1710827686.4736521,-7.8125,-655.76171875,-290.52734375,-17.578125,False
1710827686.4775393,12.6953125,-494.62890625,-273.92578125,-215.33203125,False
1710827686.4814262,-21.97265625,-670.8984375,-364.2578125,-13.671875,False
1710827686.4853134,-22.94921875,-885.7421875,-411.1328125,246.09375,False
1710827686.4892004,9.765625,-741.2109375,-319.3359375,77.1484375,False
1710827686.4933922,0.0,-470.21484375,-259.765625,-209.9609375,False
1710827686.4972794,0.0,-703.125,-380.859375,-93.26171875,False
1710827686.5011666,0.0,-694.3359375,-296.38671875,196.2890625,False
1710827686.5050538,0.0,-338.8671875,-197.75390625,150.87890625,False
1710827686.508941,0.0,-462.40234375,-308.59375,-136.23046875,False
1710827686.5128279,0.0,-821.2890625,-484.86328125,-133.30078125,False
1710827686.516715,0.0,-963.37890625,-401.85546875,138.671875,False
1710827686.5206022,0.0,-720.21484375,-265.625,211.9140625,False
1710827686.5244894,0.0,-386.71875,-135.7421875,-65.4296875,False
1710827686.5283766,0.0,-643.06640625,-301.7578125,-178.22265625,False
1710827686.5322638,0.0,-650.87890625,-284.1796875,48.828125,False
1710827686.536151,0.0,-305.6640625,-134.27734375,232.421875,False
1710827686.5403187,41.50390625,-387.6953125,-221.19140625,30.2734375,False
1710827686.544206,52.734375,-767.578125,-371.09375,-192.3828125,False
1710827686.548093,-21.97265625,-626.953125,-278.3203125,-52.24609375,False
1710827686.5519803,-42.96875,-206.0546875,-7.32421875,217.28515625,False
1710827686.5558674,15.13671875,-428.22265625,-172.36328125,103.02734375,False
1710827686.5597548,36.1328125,-971.19140625,-491.2109375,-186.03515625,False
1710827686.563642,-22.94921875,-925.29296875,-413.57421875,-125.0,False
1710827686.5675292,-57.6171875,-399.4140625,-50.78125,155.2734375,False
1710827686.5714164,20.01953125,-485.3515625,-250.48828125,181.640625,False
1710827686.5753036,55.17578125,-966.796875,-599.609375,-108.3984375,False
1710827686.579191,-10.7421875,-621.09375,-295.41015625,-201.171875,False
1710827686.5830781,-40.52734375,-206.0546875,-68.359375,83.0078125,False
1710827686.587229,0.0,-499.0234375,-138.18359375,215.8203125,False
1710827686.5911162,0.0,-705.56640625,-296.875,-58.59375,False
1710827686.5950036,0.0,-542.48046875,-307.12890625,-215.8203125,False
1710827686.5988908,0.0,-738.28125,-375.48828125,31.73828125,False
1710827686.6027782,0.0,-951.66015625,-431.640625,244.62890625,False
1710827686.6066654,0.0,-990.72265625,-461.42578125,24.4140625,False
1710827686.6105525,0.0,-989.74609375,-477.5390625,-200.1953125,False
1710827686.61444,0.0,-962.40234375,-395.5078125,-48.33984375,False
1710827686.6183271,0.0,-1000.0,-539.55078125,237.79296875,False
1710827686.6222146,0.0,-847.65625,-492.67578125,119.140625,False
1710827686.6261017,0.0,-495.1171875,-204.58984375,-195.3125,False
1710827686.6299891,0.0,-670.41015625,-356.93359375,-128.41796875,False
1710827686.6341147,-18.06640625,-824.70703125,-344.7265625,175.29296875,False
1710827686.638002,0.9765625,-547.8515625,-231.93359375,187.01171875,False
1710827686.6418893,40.0390625,-401.3671875,-241.69921875,-110.3515625,False
1710827686.6457767,29.296875,-699.70703125,-391.6015625,-165.52734375,False
1710827686.6496642,-4.39453125,-883.30078125,-403.80859375,111.328125,False
1710827686.6535513,16.11328125,-841.30859375,-349.609375,248.53515625,False
1710827686.6574388,47.8515625,-844.23828125,-281.25,-9.765625,False
1710827686.6613262,60.546875,-882.32421875,-427.734375,-168.9453125,False
1710827686.6652136,6.34765625,-938.96484375,-552.24609375,30.76171875,False
1710827686.6691008,-26.3671875,-441.89453125,-64.94140625,231.93359375,False
1710827686.6729882,45.41015625,-154.296875,17.578125,77.1484375,False
1710827686.6768756,70.3125,-579.58984375,-233.88671875,-177.734375,False
1710827686.6809819,-5.859375,-786.1328125,-352.05078125,-81.0546875,False
1710827686.6848693,-37.59765625,-362.3046875,-112.3046875,190.4296875,False
1710827686.6887567,22.94921875,-225.5859375,-45.41015625,130.37109375,False
1710827686.6926441,48.33984375,-649.90234375,-287.109375,-150.390625,False
1710827686.6965315,1.953125,-737.3046875,-361.81640625,-145.01953125,False
1710827686.700419,-18.06640625,-739.2578125,-364.74609375,142.08984375,False
1710827686.7043064,10.25390625,-901.85546875,-334.47265625,190.4296875,False
1710827686.7081938,56.640625,-930.6640625,-564.94140625,-73.2421875,False
1710827686.7120812,23.92578125,-1000.0,-703.61328125,-183.59375,False
1710827686.7159686,-56.15234375,-705.56640625,-212.40234375,38.57421875,False
1710827686.719856,-23.92578125,-332.51953125,-79.58984375,228.02734375,False
1710827686.7237434,27.34375,-557.12890625,-277.83203125,-3.41796875,False
1710827686.7278378,13.671875,-538.57421875,-291.9921875,-218.26171875,False
1710827686.7317252,-44.43359375,-318.84765625,-214.84375,-34.66796875,False
1710827686.7356126,-35.15625,-487.3046875,-229.4921875,238.76953125,False
1710827686.7395003,21.484375,-748.046875,-375.48828125,83.984375,False
1710827686.7433877,32.2265625,-543.9453125,-310.05859375,-217.7734375,False
1710827686.747275,-5.37109375,-714.35546875,-338.37890625,-106.4453125,False
1710827686.7511625,-11.23046875,-968.75,-421.875,203.125,False
1710827686.7550502,23.4375,-925.78125,-492.67578125,146.97265625,False
1710827686.7589376,27.83203125,-629.8828125,-285.64453125,-177.24609375,False
1710827686.762825,3.90625,-405.76171875,-279.78515625,-166.9921875,False
1710827686.7667124,-24.4140625,-666.015625,-380.37109375,145.01953125,False
1710827686.7705998,-6.34765625,-923.33984375,-375.9765625,229.00390625,False
1710827686.7746725,9.27734375,-518.06640625,-181.640625,-68.359375,False
1710827686.77856,8.7890625,-351.5625,-253.90625,-200.1953125,False
1710827686.7824476,-27.83203125,-691.40625,-334.9609375,43.9453125,False
1710827686.786335,-25.87890625,-472.65625,-62.5,232.91015625,False
1710827686.7902224,16.6015625,-182.12890625,-26.3671875,-2.44140625,False
1710827686.79411,27.83203125,-683.59375,-323.2421875,-236.328125,False
1710827686.7979975,-6.8359375,-1000.0,-651.3671875,-40.0390625,False
1710827686.8018851,-32.2265625,-774.90234375,-508.7890625,212.890625,False
1710827686.8057725,-8.7890625,-228.515625,-28.80859375,51.7578125,False
1710827686.8096602,29.296875,-291.9921875,-147.4609375,-206.0546875,False
1710827686.8135476,-12.6953125,-604.98046875,-350.5859375,-123.53515625,False
1710827686.8174353,-49.8046875,-436.5234375,-178.7109375,166.50390625,False
1710827686.8214896,-6.8359375,-113.76953125,-3.90625,149.4140625,False
1710827686.8253772,42.48046875,-379.39453125,-192.87109375,-133.7890625,False
1710827686.8292649,7.32421875,-769.53125,-422.8515625,-174.31640625,False
1710827686.8331523,-46.875,-457.51953125,-165.52734375,81.0546875,False
1710827686.83704,-8.7890625,-360.83984375,-153.3203125,198.73046875,False
1710827686.8409276,45.41015625,-823.73046875,-515.13671875,-55.17578125,False
1710827686.844815,22.4609375,-986.81640625,-610.3515625,-216.30859375,False
1710827686.8487027,-58.10546875,-445.80078125,-176.7578125,-28.80859375,False
1710827686.8525903,-35.15625,32.71484375,61.03515625,201.66015625,False
1710827686.8564777,30.2734375,-365.72265625,-247.55859375,23.92578125,False
1710827686.8603654,34.66796875,-539.0625,-384.27734375,-222.16796875,False
1710827686.8642528,-22.94921875,-111.81640625,-195.3125,-87.40234375,False
1710827686.8684306,-21.97265625,5.37109375,-48.828125,192.87109375,False
1710827686.8723183,36.62109375,-397.4609375,-161.62109375,106.93359375,False
1710827686.876206,49.31640625,-613.76953125,-315.4296875,-194.3359375,False
1710827686.8800936,5.859375,-310.546875,-291.50390625,-151.3671875,False
1710827686.8839812,-9.765625,-399.90234375,-274.90234375,164.55078125,False
1710827686.887869,27.34375,-744.62890625,-390.625,188.96484375,False
1710827686.8917565,47.36328125,-876.953125,-392.08984375,-112.3046875,False
1710827686.8956442,7.32421875,-710.44921875,-334.9609375,-187.98828125,False
1710827686.8995318,-41.015625,-331.0546875,-140.13671875,81.0546875,False
1710827686.9034195,0.9765625,-551.26953125,-227.5390625,240.72265625,False
1710827686.9073071,34.66796875,-690.91796875,-366.69921875,-30.2734375,False
1710827686.9111948,18.06640625,-408.203125,-296.38671875,-226.5625,False
1710827686.915347,-24.4140625,-386.71875,-258.7890625,-4.39453125,False
1710827686.9192348,-15.13671875,-439.94140625,-216.796875,248.046875,False
1710827686.9231224,21.97265625,-222.65625,-50.29296875,56.640625,False
1710827686.9270103,26.3671875,-103.02734375,-46.875,-218.26171875,False
1710827686.930898,-11.71875,-472.16796875,-333.49609375,-77.63671875,False
1710827686.9347856,-26.85546875,-911.62109375,-466.30859375,217.28515625,False
1710827686.9386733,8.7890625,-1000.0,-472.65625,111.328125,False
1710827686.9425611,21.97265625,-765.625,-343.75,-205.56640625,False
1710827686.9464488,-15.13671875,-699.21875,-447.75390625,-169.921875,False
1710827686.9503365,-46.875,-867.1875,-549.31640625,124.51171875,False
1710827686.954224,-24.90234375,-431.15234375,-220.703125,144.04296875,False
1710827686.958112,28.80859375,-289.55078125,-262.20703125,-132.32421875,False
1710827686.9622529,13.671875,-681.15234375,-416.015625,-217.7734375,False
1710827686.9661407,-33.203125,-678.7109375,-312.01171875,35.64453125,False
1710827686.9700284,-14.16015625,-256.8359375,-182.12890625,207.03125,False
1710827686.9739163,42.96875,-251.953125,-239.2578125,-23.4375,False
1710827686.977804,57.12890625,-754.8828125,-467.7734375,-213.37890625,False
1710827686.9816918,-7.32421875,-997.55859375,-498.046875,-24.90234375,False
1710827686.9855795,-20.99609375,-832.03125,-350.09765625,220.21484375,False
1710827686.9894674,21.97265625,-822.75390625,-354.98046875,45.8984375,False
1710827686.9933553,59.5703125,-925.29296875,-528.3203125,-204.1015625,False
1710827686.997243,0.9765625,-911.62109375,-554.6875,-111.328125,False
1710827687.0011308,-57.6171875,-308.59375,-37.109375,138.671875,False
1710827687.0050185,15.13671875,-90.33203125,-44.43359375,126.46484375,False
1710827687.009139,42.96875,-422.36328125,-232.421875,-166.50390625,False
1710827687.013027,0.0,-315.4296875,-211.42578125,-183.59375,False
1710827687.0169148,-26.3671875,-37.59765625,-54.6875,99.609375,False
1710827687.0208027,12.6953125,-40.0390625,7.8125,184.5703125,False
1710827687.0246906,54.19921875,-373.046875,-203.61328125,-91.796875,False
1710827687.0285785,31.73828125,-657.71484375,-371.58203125,-220.703125,False
1710827687.0324662,-18.06640625,-415.0390625,-164.55078125,14.6484375,False
1710827687.036354,8.7890625,-312.01171875,-174.8046875,228.02734375,False
1710827687.040242,40.0390625,-792.96875,-467.28515625,21.97265625,False
1710827687.0441298,11.71875,-359.375,-124.51171875,-248.53515625,False
1710827687.0480177,-17.08984375,-49.31640625,-104.00390625,-66.40625,False
1710827687.0519054,-13.18359375,-504.39453125,-259.27734375,238.76953125,False
1710827687.0560112,12.6953125,-682.12890625,-326.66015625,79.1015625,False
1710827687.059899,13.671875,-393.06640625,-289.0625,-232.421875,False
1710827687.063787,-23.92578125,-335.9375,-329.1015625,-140.13671875,False
1710827687.0676749,-50.78125,-569.3359375,-276.3671875,165.0390625,False
1710827687.0715628,-17.08984375,-504.39453125,-235.83984375,145.99609375,False
1710827687.0754507,20.99609375,-639.16015625,-405.76171875,-137.20703125,False
1710827687.0793386,-11.71875,-932.12890625,-438.96484375,-170.41015625,False
1710827687.0832264,-34.66796875,-979.98046875,-536.62109375,118.65234375,False
1710827687.0871143,-14.6484375,-770.5078125,-501.46484375,212.40234375,False
1710827687.0910022,10.25390625,-190.91796875,-145.5078125,-85.44921875,False
1710827687.09489,17.578125,-258.7890625,-260.7421875,-213.37890625,False
1710827687.098778,-38.57421875,-436.03515625,-260.25390625,4.39453125,False
1710827687.1028671,-36.1328125,-63.4765625,9.765625,216.30859375,False
1710827687.1067553,19.04296875,121.58203125,34.1796875,23.92578125,False
1710827687.1106431,45.8984375,-393.5546875,-254.39453125,-213.37890625,False
1710827687.114531,-0.48828125,-687.01171875,-379.8828125,-72.265625,False
1710827687.118419,-29.296875,-157.71484375,-39.0625,209.47265625,False
1710827687.122307,25.87890625,-252.9296875,-149.4140625,131.8359375,False
1710827687.126195,59.5703125,-825.68359375,-497.55859375,-148.92578125,False
1710827687.1300828,-2.9296875,-960.44921875,-567.3828125,-106.4453125,False
1710827687.133971,-64.453125,-436.03515625,-106.93359375,154.78515625,False
1710827687.1378589,-8.30078125,-41.50390625,-4.8828125,172.36328125,False
1710827687.1417468,43.9453125,-443.359375,-290.0390625,-102.05078125,False
1710827687.1456347,13.671875,-690.91796875,-417.96875,-182.12890625,False
1710827687.1496933,-40.0390625,-267.578125,-153.3203125,59.5703125,False
1710827687.1535814,-8.7890625,-37.109375,-4.39453125,206.0546875,False
1710827687.1574693,41.9921875,-410.64453125,-211.9140625,-46.875,False
1710827687.1613574,23.92578125,-518.06640625,-288.0859375,-233.3984375,False
1710827687.1652453,-20.5078125,-324.70703125,-300.29296875,-13.18359375,False
1710827687.1691334,-10.7421875,-382.8125,-296.38671875,235.3515625,False
1710827687.1730213,44.43359375,-669.43359375,-440.4296875,74.70703125,False
1710827687.1769094,46.875,-932.12890625,-527.34375,-195.3125,False
1710827687.1807973,-24.4140625,-385.25390625,-179.6875,-110.3515625,False
1710827687.1846852,-34.1796875,46.875,15.13671875,192.3828125,False
1710827687.1885734,12.6953125,-229.00390625,-181.640625,125.48828125,False
1710827687.1924613,33.69140625,-237.3046875,-143.06640625,-185.546875,False
1710827687.1965158,12.20703125,3.90625,-122.55859375,-146.97265625,False
1710827687.2004037,-6.8359375,-89.35546875,-134.765625,169.43359375,False
1710827687.2042918,3.90625,-262.6953125,-144.04296875,200.68359375,False
1710827687.20818,3.41796875,-126.953125,-72.75390625,-128.90625,False
1710827687.2120678,-18.06640625,-148.92578125,-172.8515625,-220.703125,False
1710827687.215956,-31.25,-638.18359375,-456.0546875,76.66015625,False
1710827687.219844,-21.97265625,-850.09765625,-456.0546875,245.60546875,False
1710827687.223732,-23.4375,-588.8671875,-312.01171875,-42.96875,False
1710827687.2276201,-24.90234375,-232.91015625,-241.69921875,-261.71875,False
1710827687.231508,-55.6640625,-261.23046875,-291.015625,-68.84765625,False
1710827687.2353961,-48.828125,-273.92578125,-203.125,189.94140625,False
1710827687.2392843,-14.6484375,168.45703125,75.1953125,29.78515625,False
1710827687.2433202,3.90625,105.46875,-27.34375,-233.88671875,False
1710827687.2472084,-24.4140625,-340.8203125,-243.1640625,-113.28125,False
1710827687.2510965,-51.26953125,-299.8046875,-95.703125,167.48046875,False
1710827687.2549846,-13.671875,97.65625,37.59765625,116.69921875,False
1710827687.2588727,26.85546875,24.90234375,-35.15625,-159.1796875,False
1710827687.2627606,4.39453125,-476.5625,-279.78515625,-156.73828125,False
1710827687.2666488,-30.76171875,-778.3203125,-365.72265625,120.60546875,False
1710827687.270537,-10.25390625,-460.9375,-238.76953125,197.75390625,False
1710827687.274425,31.25,-108.88671875,-86.42578125,-82.03125,False
1710827687.2783132,41.9921875,-578.125,-395.99609375,-178.7109375,False
1710827687.282201,-27.83203125,-877.44140625,-461.9140625,42.96875,False
1710827687.2860892,-29.78515625,-132.32421875,-10.7421875,208.0078125,False
1710827687.2902386,42.48046875,-21.484375,-41.015625,0.0,True
1710827687.2941267,44.43359375,-390.13671875,-272.94921875,-221.6796875,True
1710827687.2980149,-17.578125,-159.1796875,-110.3515625,-47.8515625,True
1710827687.3019032,-24.4140625,247.55859375,126.46484375,235.83984375,True
1710827687.3057914,41.9921875,29.78515625,-116.2109375,108.3984375,True
1710827687.3096795,74.70703125,-705.56640625,-440.91796875,-176.26953125,True
1710827687.3135676,10.25390625,-589.84375,-351.5625,-125.0,True
1710827687.3174558,-23.92578125,-15.13671875,-24.4140625,138.671875,True
1710827687.321344,48.828125,-338.37890625,-252.9296875,152.83203125,True
1710827687.325232,82.03125,-743.1640625,-516.11328125,-133.7890625,True
1710827687.3291202,20.5078125,-308.10546875,-294.43359375,-187.01171875,True
1710827687.3330083,-14.6484375,-182.12890625,-172.8515625,103.515625,True
1710827687.3371365,10.25390625,-433.59375,-167.96875,213.37890625,True
1710827687.3410246,33.203125,-414.55078125,-179.19921875,-59.08203125,True
1710827687.344913,22.4609375,-98.6328125,-107.91015625,-221.19140625,True
1710827687.3488011,-7.32421875,-150.390625,-226.07421875,36.62109375,True
1710827687.3526893,6.8359375,-494.62890625,-299.8046875,226.5625,True
1710827687.3565776,26.3671875,-743.65234375,-363.28125,-23.4375,True
1710827687.3604658,25.390625,-708.0078125,-389.6484375,-217.7734375,True
1710827687.364354,-20.5078125,-706.54296875,-333.49609375,-72.265625,True
1710827687.3682423,-24.90234375,-868.65234375,-465.8203125,225.5859375,True
1710827687.3721304,6.8359375,-747.0703125,-500.9765625,107.421875,True
1710827687.3760185,4.8828125,-80.078125,-56.15234375,-219.23828125,True
1710827687.379907,-16.6015625,-168.9453125,-183.10546875,-144.04296875,True
1710827687.3840287,-55.17578125,-438.96484375,-239.2578125,143.5546875,True
1710827687.387917,-30.76171875,-99.609375,7.8125,151.3671875,True
1710827687.3918052,10.7421875,-50.78125,-56.640625,-141.11328125,True
1710827687.3956935,-8.30078125,-534.1796875,-359.86328125,-205.56640625,True
1710827687.399582,-45.41015625,-608.88671875,-241.69921875,56.15234375,True
1710827687.40347,-19.53125,-423.33984375,-146.484375,188.96484375,True
1710827687.4073584,16.11328125,-475.09765625,-275.87890625,-81.54296875,True
1710827687.4112465,17.578125,-693.359375,-450.68359375,-248.53515625,True
1710827687.415135,-37.59765625,-750.9765625,-479.4921875,-21.484375,True
1710827687.4190233,-58.59375,-243.1640625,-50.78125,196.77734375,True
1710827687.4229114,-4.8828125,-26.3671875,79.1015625,25.87890625,True
1710827687.4267998,38.57421875,-524.4140625,-315.4296875,-190.91796875,True
1710827687.430893,-20.5078125,-812.5,-562.5,-81.0546875,True
1710827687.4347813,-71.77734375,-193.359375,-21.97265625,147.94921875,True
1710827687.4386697,0.48828125,43.45703125,68.359375,95.703125,True
1710827687.442558,39.55078125,-313.96484375,-142.578125,-179.6875,True
1710827687.4464464,-11.71875,-461.42578125,-303.22265625,-166.50390625,True
1710827687.4503348,-42.96875,-569.82421875,-360.3515625,126.953125,True
1710827687.454223,-17.578125,-817.87109375,-340.8203125,172.8515625,True
1710827687.4581113,35.64453125,-949.70703125,-567.3828125,-85.9375,True
1710827687.4619997,6.8359375,-838.8671875,-619.62890625,-186.5234375,True
1710827687.465888,-49.8046875,-336.9140625,-173.828125,38.57421875,True
1710827687.4697764,-6.34765625,-281.73828125,-195.3125,218.26171875,True
1710827687.4736648,27.34375,-501.953125,-302.734375,-33.203125,True
1710827687.4777446,21.484375,-381.34765625,-238.76953125,-234.86328125,True
1710827687.481633,-12.6953125,-255.37109375,-245.1171875,-31.25,True
1710827687.4855213,0.48828125,-498.046875,-312.5,243.65234375,True
1710827687.4894097,41.015625,-661.1328125,-340.8203125,78.61328125,True
1710827687.493298,42.96875,-492.1875,-295.8984375,-201.171875,True
1710827687.4971864,1.46484375,-722.16796875,-398.92578125,-85.9375,True
1710827687.5010748,-8.7890625,-913.57421875,-405.76171875,202.1484375,True
1710827687.5049632,32.2265625,-948.2421875,-508.30078125,161.62109375,True
1710827687.5088515,29.78515625,-787.59765625,-346.6796875,-181.640625,True
1710827687.51274,3.90625,-394.04296875,-234.86328125,-190.4296875,True
1710827687.5166283,-17.08984375,-500.9765625,-309.08203125,113.76953125,True
1710827687.5205166,-1.46484375,-496.09375,-255.859375,173.828125,True
1710827687.5245826,26.3671875,-233.88671875,-152.83203125,-120.60546875,True
1710827687.528471,10.25390625,-254.39453125,-249.0234375,-234.86328125,True
1710827687.5323596,-31.73828125,-541.9921875,-278.3203125,29.78515625,True
1710827687.536248,-19.53125,-396.97265625,-23.4375,213.8671875,True
1710827687.5401363,27.83203125,-230.95703125,-62.01171875,-9.27734375,True
1710827687.5440247,29.78515625,-788.57421875,-367.67578125,-215.33203125,True
1710827687.547913,0.48828125,-985.83984375,-585.44921875,-14.16015625,True
1710827687.5518017,-24.90234375,-989.74609375,-589.84375,236.328125,True
1710827687.55569,-8.30078125,-604.4921875,-260.25390625,61.03515625,True
1710827687.5595784,36.1328125,-406.25,-285.15625,-201.66015625,True
1710827687.5634668,1.46484375,-841.796875,-457.03125,-104.4921875,True
1710827687.5673554,-37.59765625,-657.71484375,-191.89453125,164.55078125,True
1710827687.5714023,-6.34765625,-43.45703125,54.6875,128.41796875,False
1710827687.575291,37.109375,-210.44921875,-102.5390625,-138.671875,False
1710827687.5791793,17.578125,-598.6328125,-346.6796875,-156.73828125,False
1710827687.583068,-34.1796875,-169.921875,-75.68359375,99.12109375,False
1710827687.5869563,1.46484375,154.78515625,71.2890625,211.9140625,False
1710827687.5908446,72.265625,-503.90625,-321.77734375,-21.97265625,False
1710827687.5947332,48.828125,-962.890625,-547.8515625,-170.41015625,False
1710827687.5986216,-33.69140625,-470.21484375,-219.7265625,11.71875,False
1710827687.6025102,-14.6484375,15.625,41.015625,228.515625,False
1710827687.6063986,44.921875,-336.42578125,-227.05078125,37.59765625,False
1710827687.610287,39.55078125,-601.07421875,-407.71484375,-210.9375,False
1710827687.6141756,-17.08984375,-188.96484375,-196.2890625,-61.5234375,False
1710827687.618205,-12.6953125,-13.671875,-20.01953125,222.65625,False
1710827687.6220934,42.48046875,-426.7578125,-173.828125,123.53515625,False
1710827687.625982,62.5,-500.9765625,-200.68359375,-169.43359375,False
1710827687.6298704,25.390625,-63.4765625,-23.4375,-124.51171875,False
1710827687.633759,3.90625,-31.73828125,10.7421875,176.26953125,False
1710827687.6376474,50.29296875,-524.90234375,-272.94921875,221.6796875,False
1710827687.641536,74.21875,-902.34375,-426.26953125,-83.984375,False
1710827687.6454244,39.55078125,-824.70703125,-358.3984375,-178.7109375,False
1710827687.649313,-9.27734375,-561.03515625,-251.953125,85.9375,False
1710827687.6532016,13.18359375,-652.83203125,-345.21484375,235.3515625,False
1710827687.65709,44.43359375,-625.48828125,-306.15234375,-34.66796875,False
1710827687.6609786,37.109375,-331.54296875,-253.90625,-218.26171875,False
1710827687.665133,-4.8828125,-403.3203125,-302.734375,21.484375,False
1710827687.6690216,-9.27734375,-506.34765625,-218.75,259.27734375,False
1710827687.6729102,7.8125,-282.2265625,-169.43359375,37.109375,False
1710827687.6767988,34.66796875,-385.7421875,-278.80859375,-221.6796875,False
1710827687.6806874,9.27734375,-767.578125,-397.94921875,-74.21875,False
1710827687.6845758,-36.1328125,-830.078125,-371.58203125,206.0546875,False
1710827687.6884644,-15.13671875,-533.69140625,-263.671875,106.4453125,False
1710827687.692353,7.8125,-102.5390625,10.25390625,-201.66015625,False
1710827687.6962416,-0.9765625,-423.33984375,-259.27734375,-147.94921875,False
1710827687.7001302,-32.2265625,-796.38671875,-511.71875,149.4140625,False
1710827687.7040188,-31.25,-367.67578125,-219.7265625,150.87890625,False
1710827687.7079072,18.06640625,-182.12890625,-190.4296875,-140.13671875,False
1710827687.7120445,10.25390625,-562.01171875,-323.2421875,-211.42578125,False
1710827687.715933,-46.875,-598.14453125,-186.03515625,45.8984375,False
1710827687.7198217,-29.78515625,-166.50390625,17.578125,200.68359375,False
1710827687.7237103,25.390625,-235.83984375,-187.5,-49.8046875,False
1710827687.727599,25.390625,-641.11328125,-385.25390625,-250.48828125,False
1710827687.7314878,-30.76171875,-950.68359375,-410.15625,-47.36328125,False
1710827687.7353764,-35.15625,-885.25390625,-369.62890625,209.9609375,False
1710827687.739265,12.6953125,-850.09765625,-342.7734375,50.29296875,False
1710827687.7431536,44.921875,-981.93359375,-556.640625,-189.453125,False
1710827687.7470422,-22.94921875,-822.265625,-554.6875,-112.3046875,False
1710827687.7509308,-58.59375,-395.01953125,-132.8125,145.99609375,False
1710827687.7548194,12.6953125,-567.87109375,-272.94921875,130.859375,False
1710827687.7589276,35.15625,-704.1015625,-343.26171875,-165.52734375,False
1710827687.7628164,3.90625,-412.59765625,-263.671875,-167.96875,False
1710827687.766705,-18.06640625,-220.703125,-153.3203125,123.53515625,False
1710827687.7705936,16.11328125,-358.88671875,-183.10546875,202.1484375,False
1710827687.7744825,42.48046875,-595.21484375,-322.265625,-75.1953125,False
1710827687.778371,27.34375,-766.11328125,-430.17578125,-208.49609375,False
1710827687.7822597,-33.69140625,-428.22265625,-131.8359375,24.4140625,False
1710827687.7861485,-14.6484375,-147.94921875,-20.5078125,234.86328125,False
1710827687.7900372,53.7109375,-819.82421875,-438.4765625,19.53125,False
1710827687.7939258,26.85546875,-787.59765625,-362.79296875,-238.76953125,False
1710827687.7978146,-22.94921875,-162.109375,-94.23828125,-58.59375,False
1710827687.8017032,-1.953125,-299.8046875,-118.65234375,229.00390625,False
1710827687.8057992,39.0625,-434.5703125,-245.60546875,85.44921875,False
1710827687.809688,36.1328125,-126.46484375,-59.5703125,-210.44921875,False
1710827687.8135767,-2.9296875,-179.19921875,-200.68359375,-127.9296875,False
1710827687.8174655,-25.87890625,-452.63671875,-272.4609375,169.43359375,False
1710827687.8213542,5.859375,-412.59765625,-202.1484375,144.04296875,False
1710827687.825243,33.69140625,-543.9453125,-340.33203125,-137.6953125,False
1710827687.8291318,-0.9765625,-795.41015625,-384.765625,-155.76171875,False
1710827687.8330204,-10.7421875,-931.15234375,-511.71875,147.94921875,False
1710827687.8369093,1.953125,-780.76171875,-501.953125,229.98046875,False
1710827687.840798,20.5078125,-141.6015625,-56.640625,-84.9609375,False
1710827687.8446867,43.9453125,-125.0,-119.140625,-207.03125,False
1710827687.8485754,8.7890625,-561.03515625,-331.54296875,29.78515625,False
1710827687.8526518,-4.8828125,-216.796875,-41.015625,225.09765625,False
1710827687.8565407,43.9453125,140.625,36.1328125,19.04296875,False
1710827687.8604295,70.3125,-305.6640625,-261.71875,-205.078125,False
1710827687.8643181,0.48828125,-547.36328125,-343.75,-52.24609375,False
1710827687.868207,-22.4609375,-299.31640625,-194.82421875,212.40234375,False
1710827687.8720958,29.78515625,-517.08984375,-305.17578125,108.88671875,False
1710827687.8759847,54.19921875,-891.11328125,-445.3125,-169.43359375,False
1710827687.8798733,-1.953125,-943.84765625,-553.7109375,-110.83984375,False
1710827687.8837621,-65.4296875,-492.1875,-190.4296875,147.94921875,False
1710827687.887651,-21.97265625,1.46484375,38.57421875,154.78515625,False
1710827687.8915398,22.94921875,-376.953125,-233.88671875,-125.48828125,False
1710827687.8954284,-8.30078125,-525.87890625,-368.65234375,-194.82421875,False
1710827687.8994882,-36.1328125,33.69140625,-29.78515625,80.56640625,False
1710827687.903377,3.90625,177.24609375,54.6875,243.65234375,False
1710827687.907266,28.3203125,-394.53125,-221.6796875,-26.85546875,False
1710827687.9111547,-3.90625,-440.91796875,-265.13671875,-241.2109375,False
1710827687.9150436,-48.33984375,-26.85546875,-187.5,-25.390625,False
1710827687.9189324,-30.2734375,-371.09375,-228.02734375,222.65625,False
1710827687.9228213,25.390625,-884.765625,-561.03515625,59.5703125,False
1710827687.9267101,5.37109375,-909.1796875,-608.88671875,-216.30859375,False
1710827687.930599,-67.3828125,-371.09375,-261.23046875,-122.0703125,False
1710827687.9344878,-59.08203125,-140.13671875,-158.203125,186.03515625,False
1710827687.9383767,-18.06640625,-326.171875,-243.65234375,114.2578125,False
1710827687.9422655,-2.44140625,-197.265625,-120.60546875,-191.89453125,False
1710827687.9463038,-37.59765625,-18.5546875,-83.0078125,-168.45703125,False
1710827687.9501927,-61.03515625,-112.3046875,-117.1875,128.41796875,False
1710827687.9540815,-19.04296875,-339.84375,-201.171875,180.17578125,False
1710827687.9579704,5.859375,-267.578125,-260.25390625,-125.0,False
1710827687.9618592,-7.8125,-406.25,-315.91796875,-221.6796875,False
1710827687.9657483,-37.59765625,-731.4453125,-381.8359375,66.40625,False
1710827687.9696372,-23.4375,-870.1171875,-457.51953125,244.62890625,False
1710827687.973526,-10.25390625,-370.1171875,-120.60546875,-41.9921875,False
1710827687.9774148,-1.46484375,27.83203125,-3.41796875,-247.0703125,False
1710827687.9813037,-32.2265625,-343.26171875,-307.6171875,-32.71484375,False
1710827687.9851925,-39.55078125,-328.61328125,-201.171875,217.28515625,False
1710827687.9890814,-3.90625,-9.765625,25.87890625,46.38671875,False
1710827687.9932437,19.53125,-125.48828125,-107.421875,-232.91015625,False
1710827687.9971328,-12.6953125,-553.7109375,-304.6875,-114.74609375,False
1710827688.0010216,-46.38671875,-422.36328125,-90.8203125,169.921875,False
1710827688.0049105,-6.8359375,50.78125,60.546875,104.4921875,False
1710827688.0087996,24.4140625,-93.26171875,-109.86328125,-174.8046875,False
1710827688.0126884,1.953125,-653.3203125,-431.15234375,-139.6484375,False
1710827688.0165775,-34.1796875,-797.36328125,-337.890625,127.44140625,False
1710827688.0204663,-0.9765625,-508.7890625,-212.890625,172.36328125,False
1710827688.0243552,42.96875,-598.14453125,-320.3125,-95.21484375,False
1710827688.0282443,18.5546875,-743.1640625,-397.4609375,-203.61328125,False
1710827688.032133,-32.2265625,-431.640625,-164.55078125,44.921875,False
1710827688.036022,-13.18359375,50.29296875,64.453125,218.75,False
1710827688.0401633,45.41015625,-105.95703125,-138.671875,-7.8125,False
1710827688.0440524,50.29296875,-471.6796875,-311.03515625,-220.21484375,False
1710827688.0479414,-16.6015625,-270.99609375,-209.9609375,-62.5,False
1710827688.0518303,-20.01953125,-41.015625,-37.109375,215.8203125,False
1710827688.0557194,30.2734375,-295.41015625,-224.12109375,96.19140625,False
1710827688.0596082,53.22265625,-850.09765625,-469.23828125,-181.640625,False
1710827688.0634973,4.39453125,-916.9921875,-448.73046875,-120.1171875,False
1710827688.0673864,-35.64453125,-345.703125,-81.0546875,150.87890625,False
1710827688.0712752,23.92578125,-442.87109375,-275.87890625,161.62109375,False
1710827688.0751643,48.33984375,-975.09765625,-636.71875,-130.37109375,False
1710827688.0790534,-42.48046875,-584.47265625,-328.61328125,-229.00390625,False
1710827688.0829422,-85.44921875,-101.5625,-114.74609375,36.1328125,False
1710827688.0870652,-58.59375,-369.140625,-188.96484375,138.671875,False
1710827688.0909543,-62.01171875,-523.92578125,-281.73828125,-173.33984375,False
1710827688.0948434,-96.19140625,-156.25,-244.62890625,-343.75,False
1710827688.0987322,-158.69140625,-50.29296875,-139.16015625,-125.9765625,False
1710827688.1026213,-173.33984375,-319.82421875,-145.5078125,66.89453125,False
1710827688.1065104,-154.78515625,-696.2890625,-382.32421875,-152.83203125,False
1710827688.1103995,-161.1328125,-810.05859375,-423.828125,-412.59765625,False
1710827688.1142886,-214.35546875,-832.51953125,-354.4921875,-284.66796875,False
1710827688.1181777,-209.9609375,-945.3125,-513.671875,26.85546875,False
1710827688.1220667,-168.45703125,-725.09765625,-471.6796875,-72.265625,False
1710827688.1259558,-143.06640625,-157.71484375,-54.6875,-374.0234375,False
1710827688.1298447,-139.6484375,-356.4453125,-282.71484375,-269.53125,False
1710827688.1339557,-167.48046875,-581.54296875,-314.94140625,39.55078125,False
1710827688.137845,-141.6015625,-206.54296875,-41.50390625,42.96875,False
1710827688.1417341,-71.77734375,-34.66796875,22.4609375,-216.796875,False
1710827688.1456232,-63.4765625,-449.21875,-263.671875,-240.72265625,False
1710827688.1495123,-86.9140625,-706.0546875,-333.49609375,44.43359375,False
1710827688.1534014,-33.69140625,-767.578125,-313.4765625,190.4296875,False
1710827688.1572905,-0.9765625,-765.13671875,-296.875,-73.2421875,False
1710827688.1611795,-10.7421875,-715.8203125,-406.73828125,-229.00390625,False
1710827688.1650686,-40.0390625,-933.59375,-564.94140625,20.5078125,False
1710827688.1689577,-46.38671875,-495.1171875,-79.1015625,236.328125,False
1710827688.172847,18.06640625,-287.109375,-109.375,52.24609375,False
1710827688.176736,42.48046875,-732.91015625,-415.52734375,-186.03515625,False
1710827688.1808197,-10.7421875,-592.7734375,-257.32421875,-66.89453125,False
1710827688.1847088,-23.92578125,-83.984375,59.08203125,214.84375,False
1710827688.188598,38.0859375,-195.3125,-83.0078125,159.66796875,False
1710827688.1924872,67.3828125,-667.48046875,-334.47265625,-139.6484375,False
1710827688.1963763,13.18359375,-592.28515625,-311.03515625,-126.46484375,False
1710827688.2002654,-10.7421875,-591.30859375,-337.890625,187.5,False
1710827688.2041547,38.0859375,-865.72265625,-361.81640625,233.88671875,False
1710827688.2080438,85.9375,-972.65625,-536.62109375,-35.64453125,False
1710827688.211933,47.36328125,-850.09765625,-598.14453125,-139.6484375,False
1710827688.2158222,-12.6953125,-333.49609375,-127.9296875,90.33203125,False
1710827688.2197113,28.3203125,-87.40234375,2.44140625,274.90234375,False
1710827688.2236004,74.70703125,-325.68359375,-181.15234375,10.7421875,False
1710827688.2276783,61.5234375,-347.16796875,-250.9765625,-208.49609375,False
1710827688.2315674,16.11328125,-43.45703125,-49.31640625,-12.20703125,False
1710827688.2354567,26.85546875,-27.83203125,25.390625,250.48828125,False
1710827688.2393458,66.89453125,-253.41796875,-108.3984375,95.21484375,False
1710827688.243235,66.40625,-215.33203125,-74.21875,-184.5703125,False
1710827688.2471242,20.5078125,-410.64453125,-254.39453125,-71.2890625,False
1710827688.2510135,27.83203125,-769.53125,-403.80859375,243.65234375,False
1710827688.2549026,67.3828125,-871.58203125,-447.265625,188.4765625,False
1710827688.258792,60.05859375,-462.890625,-191.40625,-147.94921875,False
1710827688.262681,29.296875,-100.09765625,-92.28515625,-137.20703125,False
1710827688.2665703,5.859375,-361.81640625,-176.26953125,174.31640625,False
1710827688.2704597,35.15625,-489.74609375,-272.94921875,245.1171875,False
1710827688.2745192,66.40625,-351.5625,-231.93359375,-55.6640625,False
1710827688.2784083,54.6875,-445.80078125,-297.36328125,-167.96875,False
1710827688.2822976,11.23046875,-664.0625,-331.0546875,95.21484375,False
1710827688.286187,11.23046875,-529.296875,-204.58984375,252.9296875,False
1710827688.290076,51.26953125,-265.13671875,-252.9296875,13.18359375,False
1710827688.2939653,50.29296875,-722.16796875,-413.0859375,-190.4296875,False
1710827688.2978547,7.8125,-1000.0,-561.5234375,6.8359375,False
1710827688.3017437,3.41796875,-867.1875,-494.140625,265.13671875,False
1710827688.305633,25.87890625,-509.765625,-229.4921875,85.44921875,False
1710827688.3095224,56.15234375,-303.7109375,-187.01171875,-194.82421875,False
1710827688.3134117,19.53125,-429.19921875,-250.48828125,-107.421875,False
1710827688.3173008,-13.671875,-288.0859375,-62.01171875,183.10546875,False
1710827688.321343,25.390625,-2.9296875,96.19140625,156.73828125,False
1710827688.3252323,63.4765625,-187.98828125,-37.109375,-133.7890625,False
1710827688.3291216,35.64453125,-596.6796875,-294.43359375,-156.25,False
1710827688.333011,-19.53125,-355.46875,-113.76953125,116.69921875,False
1710827688.3369002,3.41796875,-149.90234375,17.578125,215.33203125,False
1710827688.3407896,59.5703125,-573.2421875,-299.31640625,-41.9921875,False
1710827688.3446786,50.78125,-913.0859375,-520.99609375,-176.26953125,False
1710827688.348568,-15.625,-541.015625,-199.21875,28.3203125,False
1710827688.3524573,2.44140625,-166.50390625,30.2734375,235.3515625,False
1710827688.3563466,60.05859375,-525.390625,-298.828125,35.15625,False
1710827688.360236,62.98828125,-950.68359375,-486.328125,-193.359375,False
1710827688.3641253,5.859375,-591.796875,-287.59765625,-47.36328125,False
1710827688.3682811,15.13671875,-332.03125,-247.0703125,231.4453125,False
1710827688.3721704,71.77734375,-640.625,-329.58984375,137.6953125,False
1710827688.37606,70.3125,-745.60546875,-336.9140625,-164.0625,False
1710827688.3799493,10.25390625,-526.3671875,-307.6171875,-120.1171875,False
1710827688.3838387,-16.11328125,-537.109375,-315.4296875,181.640625,False
1710827688.387728,31.73828125,-811.03515625,-477.05078125,208.984375,False
1710827688.3916173,52.734375,-974.12109375,-463.37890625,-83.984375,False
1710827688.3955066,29.296875,-973.14453125,-456.54296875,-150.390625,False
1710827688.399396,-6.34765625,-796.875,-392.08984375,91.30859375,False
1710827688.4032853,-0.9765625,-672.36328125,-319.82421875,221.6796875,False
1710827688.4071746,21.97265625,-542.96875,-268.5546875,-48.33984375,False
1710827688.4110641,18.06640625,-350.5859375,-273.4375,-219.7265625,False
1710827688.4152038,-19.53125,-538.57421875,-309.5703125,10.25390625,False
1710827688.4190931,-19.53125,-613.76953125,-258.30078125,239.2578125,False
1710827688.4229827,18.5546875,-382.8125,-217.28515625,53.7109375,False
1710827688.426872,30.76171875,-376.46484375,-257.8125,-201.66015625,False
1710827688.4307613,-5.37109375,-677.734375,-365.72265625,-76.171875,False
1710827688.434651,-15.625,-958.0078125,-423.33984375,213.8671875,False
1710827688.4385402,10.25390625,-882.32421875,-354.4921875,117.1875,False
1710827688.4424298,24.90234375,-589.84375,-203.125,-198.73046875,False
1710827688.446319,11.23046875,-731.93359375,-458.0078125,-134.765625,False
1710827688.4502084,-31.25,-975.09765625,-565.4296875,167.48046875,False
1710827688.454098,-27.34375,-520.99609375,-170.41015625,154.78515625,False
1710827688.4579873,19.53125,-166.015625,-14.16015625,-126.46484375,False
1710827688.462108,10.25390625,-574.70703125,-258.30078125,-195.3125,False
1710827688.4659975,-49.31640625,-719.7265625,-312.01171875,52.734375,False
1710827688.469887,-29.78515625,-305.17578125,-112.3046875,215.8203125,False
1710827688.4737763,24.90234375,-592.7734375,-286.62109375,-13.18359375,False
1710827688.477666,3.90625,-935.05859375,-440.4296875,-220.703125,False
1710827688.4815552,-49.8046875,-846.19140625,-353.02734375,-43.9453125,False
1710827688.4854448,-46.38671875,-696.2890625,-289.55078125,195.80078125,False
1710827688.4893343,2.9296875,-706.0546875,-305.6640625,18.06640625,False
1710827688.4932237,21.97265625,-901.85546875,-507.8125,-222.16796875,False
1710827688.4971132,-40.0390625,-836.9140625,-548.33984375,-112.3046875,False
1710827688.5010026,-76.66015625,-185.05859375,6.34765625,145.01953125,False
1710827688.504892,-10.7421875,-138.18359375,-22.4609375,115.72265625,False
1710827688.5089993,18.5546875,-588.37890625,-294.921875,-185.546875,False
1710827688.5128887,-17.578125,-423.33984375,-297.36328125,-197.75390625,False
1710827688.5167782,-45.41015625,-137.20703125,-138.671875,97.16796875,False
1710827688.5206678,-14.6484375,-250.9765625,-103.515625,162.59765625,False
1710827688.5245574,22.4609375,-646.97265625,-353.02734375,-100.5859375,False
1710827688.528447,5.37109375,-829.58984375,-466.796875,-204.58984375,False
1710827688.5323362,-37.59765625,-791.50390625,-351.5625,24.4140625,False
1710827688.5362258,-11.71875,-807.12890625,-412.109375,232.421875,False
1710827688.5401154,27.83203125,-919.43359375,-527.83203125,9.765625,False
1710827688.544005,-3.90625,-595.703125,-299.8046875,-254.39453125,False
1710827688.5478945,-42.48046875,-219.7265625,-203.125,-80.078125,False
1710827688.551784,-33.69140625,-449.70703125,-228.515625,206.0546875,False
1710827688.555874,1.46484375,-578.125,-294.43359375,62.5,True
1710827688.5597637,17.578125,-324.70703125,-232.91015625,-223.14453125,True
1710827688.5636532,-18.06640625,-357.91015625,-298.828125,-132.32421875,True
1710827688.5675428,-45.8984375,-565.4296875,-268.5546875,173.828125,True
1710827688.5714324,-10.25390625,-474.12109375,-160.64453125,148.4375,True
1710827688.575322,27.34375,-542.48046875,-262.6953125,-146.97265625,True
1710827688.5792117,1.46484375,-832.51953125,-358.3984375,-157.2265625,True
1710827688.5831013,-21.484375,-969.23828125,-537.59765625,145.01953125,True
1710827688.5869908,-7.32421875,-864.74609375,-554.6875,211.42578125,True
1710827688.5908804,17.578125,-363.28125,-94.23828125,-100.09765625,True
1710827688.59477,31.25,-351.5625,-171.875,-222.16796875,True
1710827688.5986595,-20.99609375,-597.65625,-331.54296875,13.671875,True
1710827688.6027367,-19.04296875,-406.73828125,-100.5859375,227.5390625,True
1710827688.6066263,34.66796875,-244.62890625,-124.0234375,23.4375,True
1710827688.6105158,54.6875,-486.328125,-348.6328125,-213.8671875,True
1710827688.6144054,19.53125,-677.734375,-368.1640625,-49.31640625,True
1710827688.6182952,5.859375,-321.2890625,-40.52734375,232.421875,True
1710827688.6221848,40.52734375,-403.80859375,-96.6796875,121.58203125,True
1710827688.6260743,54.19921875,-837.40234375,-406.73828125,-164.55078125,True
1710827688.6299639,0.48828125,-977.5390625,-564.453125,-116.2109375,True
1710827688.6338534,-58.59375,-519.53125,-148.92578125,138.18359375,True
1710827688.6377432,-15.625,-101.07421875,88.8671875,145.5078125,True
1710827688.6416328,28.3203125,-587.40234375,-258.30078125,-127.9296875,True
1710827688.6455224,-5.859375,-793.45703125,-455.078125,-196.2890625,True
1710827688.6495779,-55.17578125,-282.71484375,-99.609375,56.15234375,True
1710827688.6534674,-17.08984375,-145.5078125,28.80859375,201.171875,True
1710827688.6573572,32.71484375,-626.46484375,-268.06640625,-57.6171875,True
1710827688.6612468,9.27734375,-757.32421875,-375.48828125,-234.86328125,True
1710827688.6651363,-31.25,-457.03125,-281.73828125,-14.16015625,True
1710827688.6690261,-15.625,-662.109375,-273.92578125,227.5390625,True
1710827688.6729157,41.015625,-933.59375,-541.9921875,70.3125,True
1710827688.6768055,37.59765625,-928.22265625,-609.375,-215.33203125,True
1710827688.680695,-35.64453125,-464.35546875,-241.69921875,-134.27734375,True
1710827688.6845846,-30.76171875,-202.1484375,-79.58984375,178.7109375,True
1710827688.6884744,11.23046875,-393.5546875,-215.33203125,104.4921875,True
1710827688.692364,21.484375,-349.12109375,-170.8984375,-199.70703125,True
1710827688.6964011,-13.18359375,-203.61328125,-137.6953125,-164.0625,True
1710827688.700291,-46.875,-522.4609375,-293.9453125,136.23046875,True
1710827688.7041805,-31.25,-631.34765625,-271.484375,151.85546875,True
1710827688.7080703,1.46484375,-235.3515625,-73.2421875,-147.4609375,True
1710827688.7119598,-1.46484375,-305.17578125,-218.26171875,-213.8671875,True
1710827688.7158496,-42.96875,-801.26953125,-457.51953125,56.640625,True
1710827688.7197392,-38.0859375,-958.49609375,-487.3046875,214.84375,True
1710827688.723629,-36.62109375,-529.78515625,-245.1171875,-75.1953125,True
1710827688.7275188,-20.99609375,-270.01953125,-204.58984375,-265.625,True
1710827688.7314084,-31.25,-631.8359375,-397.94921875,-36.62109375,True
1710827688.7352982,-46.38671875,-757.32421875,-368.1640625,208.49609375,True
1710827688.7391877,-7.32421875,-377.9296875,-204.58984375,30.76171875,True
1710827688.7432048,20.99609375,-379.39453125,-247.55859375,-247.55859375,True
1710827688.7470944,-15.625,-730.95703125,-365.72265625,-130.37109375,True
1710827688.7509842,-50.29296875,-552.24609375,-128.90625,141.11328125,True
1710827688.754874,-1.953125,-308.59375,-101.5625,86.9140625,True
1710827688.7587636,30.76171875,-730.46875,-379.39453125,-175.29296875,True
1710827688.7626534,-19.53125,-936.5234375,-495.1171875,-172.36328125,True
1710827688.7665431,-88.8671875,-926.26953125,-433.10546875,77.63671875,True
1710827688.7704327,-92.7734375,-802.24609375,-308.10546875,92.28515625,True
1710827688.7743225,-76.66015625,-422.8515625,-162.109375,-216.796875,True
1710827688.7782123,-120.1171875,-538.57421875,-275.87890625,-341.796875,True
1710827688.7821019,-185.546875,-462.890625,-107.91015625,-115.234375,True
1710827688.7859917,-174.8046875,1.953125,90.8203125,49.31640625,True
1710827688.7901165,-137.6953125,-214.35546875,-59.5703125,-198.73046875,False
1710827688.7940063,-160.15625,-627.9296875,-250.48828125,-424.31640625,False
1710827688.7978961,-232.91015625,-582.51953125,-291.015625,-256.8359375,False
1710827688.801786,-252.44140625,-380.859375,-126.46484375,-0.48828125,False
1710827688.8056755,-213.37890625,-606.93359375,-241.69921875,-122.55859375,False
1710827688.8095653,-182.6171875,-965.33203125,-449.70703125,-382.32421875,False
1710827688.813455,-243.1640625,-944.82421875,-394.53125,-316.89453125,False
1710827688.817345,-270.5078125,-902.83203125,-289.0625,-35.15625,False
1710827688.8212347,-187.5,-944.82421875,-436.03515625,-34.1796875,False
1710827688.8251245,-143.5546875,-963.8671875,-541.50390625,-330.56640625,False
1710827688.8290143,-190.4296875,-790.52734375,-370.1171875,-388.671875,False
1710827688.832904,-212.40234375,-552.24609375,-228.02734375,-73.2421875,False
1710827688.837017,-156.25,-698.73046875,-282.2265625,62.5,False
1710827688.8409069,-108.3984375,-707.51953125,-245.60546875,-204.1015625,False
1710827688.8447967,-107.421875,-476.5625,-220.21484375,-319.3359375,False
1710827688.8486865,-124.0234375,-487.3046875,-286.1328125,-48.33984375,False
1710827688.8525763,-98.14453125,-717.28515625,-325.68359375,162.59765625,False
1710827688.856466,-38.57421875,-915.52734375,-390.13671875,-32.71484375,False
1710827688.8603559,-19.04296875,-816.40625,-371.09375,-232.91015625,False
1710827688.864246,-48.33984375,-819.82421875,-335.9375,-71.2890625,False
1710827688.8681357,-17.08984375,-956.0546875,-507.8125,240.72265625,False
1710827688.8720255,25.87890625,-785.15625,-515.13671875,122.55859375,False
1710827688.8759153,20.01953125,-252.44140625,-94.7265625,-189.453125,False
1710827688.879805,10.25390625,-320.3125,-255.859375,-85.44921875,False
1710827688.8839061,10.25390625,-484.375,-274.90234375,231.93359375,False
1710827688.887796,60.546875,-209.47265625,-36.62109375,231.4453125,False
1710827688.891686,104.98046875,-53.22265625,10.7421875,-58.59375,False
1710827688.8955758,87.890625,-302.734375,-180.6640625,-86.9140625,False
1710827688.8994656,67.87109375,-545.8984375,-225.5859375,193.84765625,False
1710827688.9033554,95.21484375,-685.546875,-274.4140625,312.01171875,False
1710827688.9072454,115.234375,-648.4375,-304.6875,41.50390625,False
1710827688.9111352,133.7890625,-625.48828125,-401.85546875,-105.46875,False
1710827688.915025,100.5859375,-919.43359375,-552.734375,125.0,False
1710827688.918915,77.1484375,-466.30859375,-105.46875,319.82421875,False
1710827688.9228048,145.01953125,-138.18359375,-13.671875,144.53125,False
1710827688.9266946,169.921875,-630.37109375,-336.42578125,-88.37890625,False
1710827688.930788,0.0,-676.7578125,-367.1875,26.3671875,False
1710827688.9346778,0.0,-157.71484375,-33.203125,297.8515625,False
1710827688.9385679,0.0,-122.0703125,-43.45703125,217.28515625,False
1710827688.942458,0.0,-539.55078125,-258.30078125,-63.96484375,False
1710827688.9463477,0.0,-657.71484375,-346.19140625,-34.66796875,False
1710827688.9502378,0.0,-649.90234375,-357.91015625,263.671875,False
1710827688.9541276,0.0,-814.453125,-348.14453125,296.875,False
1710827688.9580176,0.0,-952.63671875,-562.5,29.78515625,False
1710827688.9619074,0.0,-860.3515625,-608.3984375,-74.70703125,False
1710827688.9657974,0.0,-275.87890625,-73.73046875,145.01953125,False
1710827688.9696872,0.0,-122.55859375,-16.6015625,331.0546875,False
1710827688.9735773,0.0,-441.40625,-230.46875,65.91796875,False
1710827688.977648,104.00390625,-292.96875,-113.28125,-115.72265625,False
1710827688.981538,60.546875,-202.63671875,-83.49609375,103.515625,False
1710827688.985428,79.1015625,-639.6484375,-299.8046875,329.58984375,False
1710827688.989318,105.46875,-677.24609375,-299.8046875,148.92578125,False
1710827688.993208,100.09765625,-351.07421875,-185.05859375,-130.859375,False
1710827688.997098,68.359375,-735.3515625,-411.1328125,-7.8125,False
1710827689.000988,55.6640625,-989.74609375,-437.5,285.15625,False
1710827689.0048778,83.984375,-869.140625,-432.12890625,220.21484375,False
1710827689.0087678,77.63671875,-547.36328125,-212.890625,-117.1875,False
1710827689.0126579,44.43359375,-134.27734375,-155.2734375,-118.65234375,False
1710827689.0165477,25.390625,-363.28125,-235.83984375,190.91796875,False
1710827689.0204377,56.640625,-625.0,-345.21484375,248.046875,False
1710827689.0244918,79.1015625,-280.2734375,-201.66015625,-58.10546875,False
1710827689.0283818,62.98828125,-250.48828125,-231.4453125,-156.25,False
1710827689.0322716,27.83203125,-642.08984375,-340.8203125,98.14453125,False
1710827689.0361617,31.25,-625.48828125,-297.36328125,267.08984375,False
1710827689.0400517,71.77734375,-587.890625,-344.7265625,40.52734375,False
1710827689.0439417,69.3359375,-943.84765625,-413.0859375,-179.19921875,False
1710827689.0478318,36.62109375,-1000.0,-612.79296875,12.6953125,False
1710827689.0517218,24.90234375,-924.8046875,-577.1484375,258.30078125,False
1710827689.0556118,24.90234375,-478.02734375,-204.58984375,65.4296875,False
1710827689.0595016,58.59375,-292.96875,-231.93359375,-189.94140625,False
1710827689.0633917,22.4609375,-574.70703125,-361.328125,-91.30859375,False
1710827689.0672817,-18.5546875,-319.82421875,-63.4765625,183.59375,False
1710827689.0713181,23.92578125,13.18359375,68.359375,146.97265625,False
1710827689.0752082,65.91796875,-326.66015625,-162.109375,-126.953125,False
1710827689.0790982,28.80859375,-697.265625,-396.97265625,-137.6953125,False
1710827689.0829883,-39.0625,-370.60546875,-113.28125,114.74609375,False
1710827689.0868783,-7.8125,-130.37109375,-35.64453125,202.1484375,False
1710827689.0907683,60.05859375,-590.33203125,-389.16015625,-48.33984375,False
1710827689.0946584,47.8515625,-1000.0,-580.56640625,-181.15234375,False
1710827689.0985484,-32.71484375,-708.984375,-295.41015625,10.7421875,False
1710827689.1024384,-25.390625,-4.8828125,65.4296875,210.9375,False
1710827689.1063285,38.57421875,-114.2578125,-148.4375,27.34375,False
1710827689.1102185,43.9453125,-418.45703125,-385.7421875,-211.42578125,False
1710827689.1141086,-13.671875,-32.71484375,-122.55859375,-63.4765625,False
1710827689.118136,-20.99609375,281.25,115.72265625,207.03125,False
1710827689.122026,33.69140625,-86.42578125,-109.375,88.8671875,False
1710827689.125916,47.36328125,-307.12890625,-185.546875,-196.2890625,False
1710827689.129806,0.48828125,-50.29296875,-156.73828125,-124.0234375,False
1710827689.133696,-16.11328125,-46.38671875,-129.39453125,173.33984375,False
1710827689.137586,29.296875,-447.75390625,-229.00390625,179.19921875,False
1710827689.1414762,54.19921875,-960.9375,-443.359375,-112.79296875,False
1710827689.1453664,7.32421875,-851.07421875,-381.8359375,-185.546875,False
1710827689.1492565,-26.85546875,-338.37890625,-91.30859375,78.125,False
1710827689.1531465,22.4609375,-562.98828125,-275.87890625,237.79296875,False
1710827689.1570365,29.78515625,-766.6015625,-433.59375,-41.50390625,False
1710827689.1609266,5.37109375,-270.01953125,-245.60546875,-229.4921875,False
1710827689.1650538,-21.484375,-187.5,-170.8984375,-0.9765625,False
1710827689.168944,-18.5546875,-249.0234375,-89.35546875,227.05078125,False
1710827689.1728342,20.5078125,-151.85546875,-47.36328125,35.15625,False
1710827689.1767242,37.109375,-136.23046875,-125.9765625,-218.75,False
1710827689.1806145,1.953125,-431.15234375,-354.00390625,-71.77734375,False
1710827689.1845045,-10.25390625,-686.03515625,-320.3125,220.21484375,False
1710827689.1883945,14.16015625,-431.640625,-202.63671875,107.421875,False
1710827689.1922848,32.2265625,-43.45703125,-9.27734375,-200.68359375,False
1710827689.1961749,30.76171875,-289.55078125,-227.05078125,-129.8828125,False
1710827689.200065,-0.9765625,-707.03125,-448.73046875,169.921875,False
1710827689.2039552,-7.32421875,-183.59375,-122.55859375,157.2265625,False
1710827689.2078452,43.45703125,-55.6640625,-104.98046875,-117.67578125,False
1710827689.2119546,30.2734375,-687.5,-391.6015625,-174.31640625,False
1710827689.2158446,-32.2265625,-501.953125,-194.3359375,72.75390625,False
1710827689.219735,-10.7421875,99.609375,67.87109375,217.28515625,False
1710827689.223625,46.875,92.28515625,20.01953125,-37.59765625,False
1710827689.2275152,48.828125,-477.5390625,-231.93359375,-208.49609375,False
1710827689.2314055,-16.6015625,-800.29296875,-382.32421875,8.30078125,False
1710827689.2352955,-24.90234375,-431.640625,-232.421875,248.046875,False
1710827689.2391858,29.78515625,-430.6640625,-253.41796875,66.40625,False
1710827689.2430758,70.80078125,-870.60546875,-558.10546875,-175.78125,False
1710827689.2469661,11.71875,-740.234375,-505.859375,-78.61328125,False
1710827689.2508564,-34.1796875,-39.0625,39.0625,164.55078125,False
1710827689.2547464,32.2265625,-15.13671875,-38.57421875,128.41796875,False
1710827689.2588487,54.19921875,-383.7890625,-263.18359375,-158.203125,False
1710827689.2627387,2.44140625,-250.48828125,-257.32421875,-171.875,False
1710827689.266629,-29.296875,-198.2421875,-223.6328125,105.95703125,False
1710827689.2705193,6.8359375,-538.0859375,-335.44921875,176.7578125,False
1710827689.2744095,40.0390625,-562.5,-323.2421875,-105.95703125,False
1710827689.2782998,23.4375,-597.65625,-385.7421875,-203.125,False
1710827689.2821898,-40.0390625,-574.70703125,-310.546875,37.109375,False
1710827689.2860801,-26.85546875,-497.0703125,-298.828125,223.6328125,False
1710827689.2899704,26.3671875,-848.6328125,-507.8125,15.13671875,False
1710827689.2938607,11.23046875,-475.5859375,-291.9921875,-227.5390625,False
1710827689.297751,-24.4140625,-19.53125,-177.24609375,-47.36328125,False
1710827689.301641,-27.34375,-277.83203125,-222.65625,226.07421875,False
1710827689.3057182,9.27734375,-341.796875,-295.8984375,78.125,False
1710827689.3096085,23.92578125,-110.83984375,-155.76171875,-212.890625,False
1710827689.3134987,-8.30078125,-157.2265625,-223.6328125,-115.72265625,False
1710827689.317389,-27.83203125,-371.58203125,-253.90625,189.94140625,False
1710827689.3212793,7.8125,-274.4140625,-114.2578125,154.296875,False
1710827689.3251696,45.41015625,-403.3203125,-261.71875,-139.16015625,False
1710827689.3290598,8.30078125,-740.234375,-398.92578125,-159.66796875,False
1710827689.3329499,-22.4609375,-915.0390625,-499.51171875,155.2734375,False
1710827689.3368402,-12.20703125,-755.37109375,-480.95703125,225.09765625,False
1710827689.3407304,8.7890625,-163.57421875,-108.3984375,-93.75,False
1710827689.3446207,23.4375,-228.515625,-275.87890625,-202.63671875,False
1710827689.348511,-24.90234375,-615.234375,-366.2109375,19.04296875,False
1710827689.3525698,-18.5546875,-369.62890625,-54.6875,202.63671875,False
1710827689.35646,27.83203125,-37.109375,-74.70703125,0.48828125,False
1710827689.3603504,47.36328125,-367.1875,-313.96484375,-219.7265625,False
1710827689.3642406,9.765625,-644.53125,-373.046875,-53.22265625,False
1710827689.368131,-18.5546875,-369.140625,-154.78515625,196.2890625,False
1710827689.3720214,16.6015625,-485.3515625,-252.44140625,80.56640625,False
1710827689.3759117,37.59765625,-831.0546875,-458.0078125,-177.24609375,False
1710827689.379802,0.0,-973.14453125,-599.609375,-107.421875,False
1710827689.3836923,-50.29296875,-544.43359375,-220.21484375,143.06640625,False
1710827689.3875825,-3.41796875,-20.01953125,26.3671875,138.18359375,False
1710827689.3914728,45.8984375,-417.48046875,-288.57421875,-123.046875,False
1710827689.395363,10.7421875,-744.140625,-458.49609375,-177.734375,False
1710827689.3994079,-44.921875,-372.0703125,-198.2421875,79.58984375,False
1710827689.4032981,-22.4609375,-21.97265625,8.30078125,205.56640625,False
1710827689.4071884,22.4609375,-324.70703125,-112.3046875,-57.12890625,False
1710827689.4110787,9.765625,-549.31640625,-307.6171875,-226.5625,False
1710827689.4149692,-36.62109375,-325.68359375,-271.484375,0.0,False
1710827689.4188595,-30.76171875,-440.4296875,-230.46875,236.328125,False
1710827689.4227498,22.4609375,-804.19921875,-490.72265625,64.453125,False
1710827689.4266403,22.4609375,-811.5234375,-512.6953125,-206.0546875,False
1710827689.4305305,-30.76171875,-166.50390625,-139.6484375,-104.4921875,False
1710827689.4344208,-28.3203125,61.5234375,26.3671875,200.68359375,False
1710827689.438311,15.625,-300.29296875,-180.17578125,116.69921875,False
1710827689.4422016,29.78515625,-433.59375,-289.55078125,-186.03515625,False
1710827689.4462392,-15.13671875,-82.03125,-184.5703125,-167.48046875,False
1710827689.4501295,-30.2734375,-169.921875,-169.921875,127.9296875,False
1710827689.4540198,7.8125,-471.19140625,-229.4921875,163.0859375,False
1710827689.4579103,17.578125,-243.65234375,-114.74609375,-131.8359375,False
1710827689.4618006,-2.44140625,-115.234375,-145.5078125,-194.3359375,False
1710827689.465691,-18.5546875,-561.5234375,-365.72265625,93.75,False
1710827689.4695814,-2.44140625,-890.625,-436.5234375,244.140625,False
1710827689.4734719,4.8828125,-442.3828125,-162.59765625,-47.36328125,False
1710827689.4773622,10.25390625,-31.25,0.9765625,-231.93359375,False
1710827689.4812524,-9.765625,-415.0390625,-323.2421875,-4.8828125,False
1710827689.485143,-21.484375,-523.92578125,-292.48046875,240.72265625,False
1710827689.4890332,9.27734375,-120.1171875,6.8359375,52.24609375,False
1710827689.4930563,41.9921875,-336.9140625,-189.453125,-200.1953125,False
1710827689.4969468,7.8125,-773.4375,-415.52734375,-79.58984375,False
1710827689.500837,-20.99609375,-556.640625,-217.28515625,189.453125,False
1710827689.5047276,14.16015625,-130.859375,-51.7578125,124.51171875,False
1710827689.508618,44.43359375,-207.03125,-117.1875,-156.25,False
1710827689.5125084,22.94921875,-731.93359375,-429.6875,-127.44140625,False
1710827689.516399,-22.4609375,-932.12890625,-440.91796875,145.01953125,False
1710827689.5202892,-13.18359375,-607.421875,-228.02734375,183.10546875,False
1710827689.5241797,28.3203125,-404.78515625,-206.54296875,-103.515625,False
1710827689.52807,23.92578125,-713.8671875,-419.921875,-196.77734375,False
1710827689.5319605,-35.15625,-514.6484375,-186.03515625,46.38671875,False
1710827689.5358508,-16.11328125,57.6171875,95.21484375,217.7734375,False
1710827689.5399768,37.59765625,-108.88671875,-84.47265625,-4.8828125,False
1710827689.5438673,32.71484375,-634.27734375,-320.3125,-212.890625,False
1710827689.5477576,-24.90234375,-504.8828125,-248.046875,-49.31640625,False
1710827689.5516481,-29.296875,-335.44921875,-196.2890625,208.0078125,False
1710827689.5555387,16.11328125,-456.0546875,-303.7109375,68.359375,False
1710827689.5594292,38.0859375,-836.9140625,-438.96484375,-185.05859375,False
1710827689.5633197,-32.71484375,-782.71484375,-371.09375,-110.83984375,False
1710827689.56721,-63.4765625,-125.48828125,-1.46484375,145.01953125,False
1710827689.5711005,7.8125,-299.8046875,-179.6875,136.23046875,False
1710827689.574991,32.71484375,-785.64453125,-484.375,-145.01953125,False
1710827689.5788815,-29.78515625,-404.78515625,-275.390625,-206.0546875,False
1710827689.5827718,-53.7109375,-107.421875,-67.87109375,83.49609375,False
1710827689.5868871,-11.23046875,-437.5,-182.6171875,195.80078125,False
1710827689.5907776,6.34765625,-482.421875,-226.5625,-86.9140625,False
1710827689.5946681,-5.859375,-145.99609375,-101.07421875,-230.46875,False
1710827689.5985587,-43.45703125,-112.3046875,-141.6015625,18.06640625,False
1710827689.6024492,-23.92578125,-376.953125,-183.59375,213.37890625,False
1710827689.6063397,25.87890625,-657.71484375,-331.54296875,-20.99609375,False
1710827689.6102302,15.13671875,-558.10546875,-331.54296875,-235.3515625,False
1710827689.6141207,-39.55078125,-532.2265625,-274.4140625,-81.54296875,False
1710827689.6180112,-28.3203125,-809.08203125,-467.7734375,214.35546875,False
1710827689.6219018,12.6953125,-771.484375,-510.7421875,82.51953125,False
1710827689.6257923,14.6484375,-146.484375,-37.109375,-233.3984375,False
1710827689.6296828,-12.6953125,-89.35546875,-64.94140625,-140.625,False
1710827689.633775,-47.36328125,-416.50390625,-267.578125,155.2734375,False
1710827689.6376655,-18.06640625,-267.578125,-190.91796875,138.18359375,False
1710827689.641556,19.04296875,6.8359375,2.9296875,-153.3203125,False
1710827689.6454465,5.859375,-255.859375,-201.66015625,-184.5703125,False
1710827689.6493373,-22.94921875,-496.58203125,-240.234375,93.75,False
1710827689.6532278,4.39453125,-524.90234375,-233.3984375,215.8203125,False
1710827689.6571183,34.66796875,-680.6640625,-370.60546875,-53.7109375,False
1710827689.6610088,32.71484375,-838.8671875,-456.54296875,-212.890625,False
1710827689.6648993,-8.7890625,-911.1328125,-495.1171875,19.04296875,False
1710827689.6687899,-27.83203125,-375.9765625,-100.5859375,216.796875,False
1710827689.6726806,18.5546875,10.25390625,28.80859375,18.5546875,False
1710827689.6765711,31.73828125,-477.5390625,-261.23046875,-212.890625,False
1710827689.680648,-24.90234375,-669.921875,-418.45703125,-71.77734375,False
1710827689.6845386,-47.36328125,-166.50390625,-73.73046875,198.2421875,False
1710827689.688429,-0.48828125,15.625,21.484375,105.46875,False
1710827689.6923199,34.1796875,-424.8046875,-167.96875,-189.94140625,False
1710827689.6962104,-7.32421875,-641.11328125,-351.07421875,-153.3203125,False
1710827689.700101,-39.55078125,-503.41796875,-338.8671875,148.4375,False
1710827689.7039917,-10.25390625,-627.44140625,-296.875,163.57421875,False
1710827689.7078822,36.1328125,-883.7890625,-544.921875,-102.5390625,False
1710827689.7117727,11.23046875,-861.81640625,-643.5546875,-178.22265625,False
1710827689.7156634,-54.6875,-349.12109375,-182.6171875,38.0859375,False
1710827689.719554,-15.625,-291.50390625,-157.2265625,202.1484375,False
1710827689.7234447,31.73828125,-649.90234375,-336.42578125,-39.0625,False
1710827689.727505,14.6484375,-475.5859375,-283.69140625,-234.86328125,False
1710827689.7313955,-27.34375,-161.1328125,-201.171875,-21.484375,False
1710827689.7352862,-9.765625,-259.27734375,-137.6953125,245.60546875,False
1710827689.7391768,35.15625,-518.06640625,-255.37109375,63.4765625,False
1710827689.7430675,28.80859375,-473.14453125,-308.10546875,-204.58984375,False
1710827689.746958,-12.20703125,-683.59375,-398.92578125,-69.82421875,False
1710827689.7508488,-16.11328125,-856.4453125,-383.30078125,206.54296875,False
1710827689.7547393,24.90234375,-833.0078125,-410.64453125,143.06640625,False
1710827689.75863,30.76171875,-455.078125,-147.4609375,-173.33984375,False
1710827689.7625206,3.41796875,19.04296875,53.7109375,-163.0859375,False
1710827689.7664113,-16.6015625,-161.62109375,-27.83203125,139.6484375,False
1710827689.7703018,13.671875,-208.49609375,-85.9375,196.2890625,False
1710827689.7743425,51.26953125,135.7421875,92.28515625,-94.23828125,True
1710827689.7782333,45.41015625,-332.03125,-196.2890625,-177.24609375,True
1710827689.7821238,0.48828125,-829.58984375,-398.92578125,80.56640625,True
1710827689.7860146,5.859375,-467.28515625,-102.5390625,229.00390625,True
1710827689.7899053,39.55078125,-129.39453125,4.8828125,-15.625,True
1710827689.7937958,43.9453125,-491.69921875,-212.890625,-218.26171875,True
1710827689.7976866,20.5078125,-954.58984375,-596.6796875,-11.23046875,True
1710827689.8015773,0.48828125,-878.41796875,-549.31640625,230.95703125,True
1710827689.8054678,15.13671875,-288.57421875,-69.3359375,40.0390625,True
1710827689.8093586,47.36328125,-71.2890625,-32.2265625,-209.47265625,True
1710827689.8132493,4.8828125,-360.3515625,-243.65234375,-102.5390625,True
1710827689.8171399,-24.90234375,-81.0546875,-6.34765625,177.734375,True
1710827689.8211722,23.4375,302.24609375,148.4375,145.01953125,True
1710827689.825063,60.05859375,7.32421875,-30.76171875,-142.08984375,True
1710827689.8289535,20.99609375,-385.7421875,-256.34765625,-151.85546875,True
1710827689.8328443,-23.4375,-411.1328125,-220.703125,118.65234375,True
1710827689.836735,5.37109375,-371.58203125,-193.84765625,178.7109375,True
1710827689.8406258,51.26953125,-546.38671875,-329.1015625,-80.56640625,True
1710827689.8445163,39.0625,-877.44140625,-503.90625,-193.84765625,True
1710827689.848407,-37.109375,-442.87109375,-156.73828125,10.25390625,True
1710827689.8522978,-19.04296875,161.62109375,128.41796875,204.1015625,True
1710827689.8561885,40.0390625,-224.609375,-167.48046875,5.859375,True
1710827689.8600793,48.828125,-683.59375,-449.21875,-213.8671875,True
1710827689.8639698,-3.90625,-522.94921875,-353.02734375,-63.4765625,True
1710827689.8679824,-19.53125,-184.08203125,-32.71484375,198.73046875,True
1710827689.8718731,29.296875,-371.58203125,-117.67578125,84.9609375,True
1710827689.875764,44.43359375,-576.66015625,-312.01171875,-194.3359375,True
1710827689.8796546,-5.859375,-274.4140625,-272.94921875,-130.859375,True
1710827689.8835452,-27.83203125,-184.08203125,-107.421875,166.50390625,True
1710827689.887436,25.87890625,-586.9140625,-304.19921875,177.24609375,True
1710827689.8913267,46.38671875,-945.80078125,-497.55859375,-139.6484375,True
1710827689.8952174,5.37109375,-872.55859375,-397.94921875,-202.1484375,True
1710827689.8991082,-38.0859375,-847.65625,-370.60546875,81.0546875,True
1710827689.902999,-2.44140625,-801.7578125,-373.046875,194.82421875,True
1710827689.9068897,35.15625,-497.0703125,-189.453125,-81.54296875,True
1710827689.9107804,22.4609375,-155.2734375,-155.2734375,-238.28125,True
1710827689.9149013,-19.04296875,-260.25390625,-256.8359375,-4.39453125,True
1710827689.918792,-21.484375,-401.3671875,-226.5625,217.28515625,True
1710827689.9226828,21.97265625,-173.828125,-73.2421875,20.01953125,True
1710827689.9265738,27.83203125,-92.7734375,-20.99609375,-230.46875,True
1710827689.9304645,-12.20703125,-421.875,-303.22265625,-87.40234375,True
1710827689.9343553,-22.4609375,-836.42578125,-395.01953125,204.58984375,True
1710827689.938246,-7.8125,-663.57421875,-265.625,83.984375,True
1710827689.9421368,10.25390625,-241.69921875,-188.96484375,-219.23828125,True
1710827689.9460275,5.859375,-527.83203125,-393.5546875,-139.6484375,True
1710827689.9499183,-32.2265625,-820.80078125,-445.80078125,148.92578125,True
1710827689.953809,-40.52734375,-340.8203125,-197.75390625,110.83984375,True
1710827689.9576998,0.9765625,-68.359375,-65.4296875,-155.76171875,True
1710827689.9618027,-3.90625,-493.65234375,-241.2109375,-187.5,True
1710827689.9656935,-56.15234375,-666.50390625,-315.91796875,57.6171875,True
1710827689.9695842,-42.48046875,-191.40625,-40.52734375,192.87109375,True
1710827689.9734752,3.90625,-66.40625,9.27734375,-44.921875,True
1710827689.977366,5.859375,-521.484375,-245.60546875,-212.890625,True
1710827689.9812567,-41.50390625,-914.55078125,-409.66796875,-20.01953125,True
1710827689.9851477,-38.0859375,-801.7578125,-370.1171875,209.9609375,True
1710827689.9890385,6.34765625,-826.171875,-362.79296875,35.64453125,True
1710827689.9929292,38.0859375,-989.74609375,-591.796875,-201.66015625,True
1710827689.9968202,-10.7421875,-833.0078125,-601.5625,-93.26171875,True
1710827690.000711,-40.52734375,-299.31640625,-100.09765625,158.69140625,True
1710827690.0046017,16.11328125,-429.6875,-230.95703125,121.09375,True
1710827690.00869,32.2265625,-735.3515625,-371.09375,-166.50390625,False
1710827690.012581,-16.11328125,-468.26171875,-282.2265625,-157.71484375,False
1710827690.0164719,-52.24609375,-153.3203125,-78.125,129.39453125,False
1710827690.0203629,-1.46484375,-303.7109375,-137.20703125,178.7109375,False
1710827690.0242536,44.43359375,-724.12109375,-435.05859375,-99.609375,False
1710827690.0281446,21.97265625,-952.63671875,-520.99609375,-187.5,False
1710827690.0320354,-33.69140625,-779.296875,-336.42578125,48.828125,False
1710827690.0359263,-12.6953125,-586.9140625,-333.0078125,228.515625,False
1710827690.039817,29.296875,-850.09765625,-480.95703125,9.765625,False
1710827690.043708,0.9765625,-515.13671875,-247.55859375,-228.515625,False
1710827690.0475988,-35.15625,-202.63671875,-183.10546875,-42.96875,False
1710827690.0514898,-12.20703125,-559.5703125,-301.7578125,240.72265625,False
1710827690.0555663,29.296875,-685.546875,-393.06640625,85.44921875,False
1710827690.0594573,41.50390625,-497.0703125,-320.80078125,-189.453125,False
1710827690.0633483,7.8125,-827.1484375,-440.91796875,-79.58984375,False
1710827690.067239,-20.99609375,-877.9296875,-333.984375,193.84765625,False
1710827690.07113,19.04296875,-544.921875,-257.8125,135.7421875,False
1710827690.075021,50.78125,-694.82421875,-415.0390625,-141.11328125,False
1710827690.0789118,18.06640625,-893.06640625,-389.6484375,-136.23046875,False
1710827690.0828028,-0.9765625,-950.68359375,-476.5625,158.69140625,False
1710827690.0866935,7.32421875,-752.9296875,-517.578125,211.9140625,False
1710827690.0905845,19.53125,-105.95703125,-67.87109375,-98.6328125,False
1710827690.0944755,34.1796875,-255.37109375,-202.1484375,-182.6171875,False
1710827690.0983663,-6.34765625,-589.84375,-371.09375,61.5234375,False
1710827690.1024315,-5.859375,-176.26953125,-18.06640625,236.81640625,False
1710827690.1063225,41.9921875,71.2890625,102.05078125,13.671875,False
1710827690.1102135,55.17578125,-340.8203125,-187.01171875,-208.0078125,False
1710827690.1141045,-4.8828125,-611.81640625,-332.03125,-41.50390625,False
1710827690.1179955,-27.83203125,-543.9453125,-198.73046875,222.16796875,False
1710827690.1218865,20.01953125,-722.65625,-318.84765625,98.14453125,False
1710827690.1257772,40.52734375,-895.99609375,-430.6640625,-174.8046875,False
1710827690.1296682,-3.90625,-949.70703125,-532.71484375,-101.07421875,False
1710827690.1335592,-54.6875,-507.8125,-137.6953125,147.94921875,False
1710827690.1374502,-17.08984375,-14.16015625,85.44921875,134.765625,False
1710827690.1413412,18.5546875,-336.9140625,-218.75,-134.27734375,False
1710827690.145232,-20.01953125,-538.57421875,-357.91015625,-187.98828125,False
1710827690.149283,-64.453125,-98.14453125,-40.52734375,76.171875,False
1710827690.153174,-24.90234375,72.75390625,70.3125,188.4765625,False
1710827690.157065,20.99609375,-397.4609375,-151.85546875,-80.56640625,False
1710827690.160956,-0.9765625,-596.6796875,-263.671875,-235.83984375,False
1710827690.164847,-43.45703125,-276.3671875,-204.58984375,-14.16015625,False
1710827690.168738,-32.2265625,-553.7109375,-250.48828125,208.0078125,False
1710827690.1726289,25.390625,-917.96875,-548.33984375,43.9453125,False
1710827690.1765199,15.13671875,-1000.0,-665.0390625,-208.49609375,False
1710827690.1804109,-60.546875,-822.265625,-341.796875,-108.3984375,False
1710827690.1843019,-50.29296875,-390.625,-85.9375,187.01171875,False
1710827690.1881928,-8.7890625,-508.7890625,-239.2578125,88.8671875,False
1710827690.1920838,7.32421875,-637.6953125,-330.56640625,-219.7265625,False
1710827690.196117,-20.99609375,-406.25,-293.45703125,-181.640625,False
1710827690.200008,-51.7578125,-320.80078125,-197.75390625,119.62890625,False
1710827690.203899,-13.18359375,-354.4921875,-179.6875,138.671875,False
1710827690.20779,16.11328125,-207.03125,-65.4296875,-169.43359375,False
1710827690.2116811,-31.25,-162.59765625,-149.90234375,-252.9296875,False
1710827690.215572,-82.51953125,-579.58984375,-395.01953125,17.08984375,False
1710827690.219463,-97.65625,-900.87890625,-439.94140625,132.8125,False
1710827690.223354,-129.8828125,-532.71484375,-290.52734375,-202.63671875,False
1710827690.227245,-148.92578125,-180.6640625,-242.67578125,-404.296875,False
1710827690.231136,-191.40625,-544.43359375,-423.828125,-195.80078125,False
1710827690.235027,-221.6796875,-659.1796875,-361.328125,8.7890625,False
1710827690.238918,-200.68359375,-214.84375,-169.921875,-192.87109375,False
1710827690.2429352,-180.17578125,-141.6015625,-233.88671875,-439.453125,False
1710827690.2468264,-209.9609375,-517.08984375,-359.86328125,-309.08203125,False
1710827690.2507174,-234.375,-591.30859375,-270.01953125,-38.0859375,False
1710827690.2546084,-211.42578125,-163.0859375,-171.38671875,-126.953125,False
1710827690.2584994,-183.59375,-353.515625,-286.62109375,-404.296875,False
1710827690.2623904,-195.80078125,-883.7890625,-567.87109375,-338.37890625,False
1710827690.2662816,-228.515625,-957.51953125,-476.5625,-42.48046875,False
1710827690.2701726,-208.984375,-747.55859375,-240.234375,-5.859375,False
1710827690.2740636,-152.34375,-575.68359375,-315.4296875,-269.53125,False
1710827690.2779546,-135.25390625,-675.29296875,-419.43359375,-332.03125,False
1710827690.2818458,-166.50390625,-693.359375,-313.96484375,-61.5234375,False
1710827690.2857368,-121.58203125,-530.76171875,-332.51953125,130.859375,False
1710827690.2898529,-46.875,-678.7109375,-378.90625,-94.23828125,False
1710827690.293744,-28.3203125,-748.046875,-367.67578125,-286.1328125,False
1710827690.297635,-53.7109375,-429.19921875,-299.31640625,-73.2421875,False
1710827690.3015263,-34.1796875,-127.44140625,-58.10546875,190.4296875,False
1710827690.3054173,48.828125,-306.15234375,-182.6171875,68.359375,False
1710827690.3093083,84.47265625,-856.93359375,-478.515625,-169.43359375,False
1710827690.3131995,23.92578125,-751.953125,-373.046875,-88.37890625,False
1710827690.3170905,4.8828125,-63.96484375,5.37109375,200.1953125,False
1710827690.3209817,71.2890625,-176.26953125,-158.203125,201.171875,False
1710827690.3248727,100.09765625,-709.9609375,-467.28515625,-76.66015625,False
1710827690.328764,49.8046875,-283.203125,-223.6328125,-110.3515625,False
1710827690.332655,25.390625,133.30078125,36.1328125,175.29296875,False
1710827690.336755,73.2421875,-269.53125,-183.10546875,284.1796875,False
1710827690.3406463,111.81640625,-401.3671875,-225.5859375,2.44140625,False
1710827690.3445373,101.5625,-283.203125,-156.25,-137.20703125,False
1710827690.3484285,53.7109375,-245.60546875,-136.23046875,112.79296875,False
1710827690.3523195,69.3359375,-227.05078125,-62.98828125,293.9453125,False
1710827690.3562107,106.93359375,-622.55859375,-346.19140625,73.2421875,False
1710827690.360102,83.984375,-714.35546875,-384.765625,-130.859375,False
1710827690.363993,42.48046875,-735.83984375,-325.68359375,24.4140625,False
1710827690.3678842,56.15234375,-871.58203125,-496.58203125,307.12890625,False
1710827690.3717752,88.8671875,-791.9921875,-480.46875,182.6171875,False
1710827690.3756664,90.33203125,-265.625,-147.4609375,-133.30078125,False
1710827690.3795576,56.640625,-253.90625,-297.8515625,-63.96484375,False
1710827690.3836443,27.34375,-499.0234375,-352.05078125,213.8671875,False
1710827690.3875353,64.94140625,-279.296875,-197.265625,196.77734375,False
1710827690.3914266,96.6796875,41.9921875,12.6953125,-87.40234375,False
1710827690.3953178,77.63671875,-213.8671875,-180.17578125,-116.69921875,False
1710827690.399209,43.45703125,-540.0390625,-296.38671875,158.203125,False
1710827690.4031003,66.40625,-482.91015625,-233.3984375,270.5078125,False
1710827690.4069912,107.91015625,-570.3125,-312.01171875,13.18359375,False
1710827690.4108825,104.4921875,-795.8984375,-454.58984375,-131.8359375,False
1710827690.4147737,54.6875,-899.90234375,-510.25390625,95.21484375,False
1710827690.418665,44.921875,-361.81640625,-92.7734375,288.57421875,False
1710827690.4225562,90.33203125,130.859375,109.375,75.1953125,False
1710827690.4264472,96.6796875,-312.5,-229.4921875,-160.64453125,False
1710827690.4305243,0.0,-402.83203125,-272.94921875,-23.92578125,False
1710827690.4344156,0.0,180.17578125,113.28125,238.28125,False
1710827690.4383068,0.0,203.61328125,72.75390625,147.4609375,False
1710827690.442198,0.0,-280.76171875,-122.0703125,-131.8359375,False
1710827690.4460893,0.0,-424.31640625,-283.203125,-85.9375,False
1710827690.4499803,0.0,-400.87890625,-319.82421875,194.3359375,False
1710827690.4538715,0.0,-435.05859375,-255.37109375,204.58984375,False
1710827690.4577627,0.0,-742.67578125,-481.93359375,-42.96875,False
1710827690.461654,0.0,-810.05859375,-570.3125,-119.140625,False
1710827690.4655452,0.0,-110.83984375,-75.68359375,104.98046875,False
1710827690.4694364,0.0,13.18359375,-13.671875,260.7421875,False
1710827690.4733276,0.0,-395.5078125,-251.46484375,0.48828125,False
1710827690.4773865,47.8515625,-379.39453125,-265.13671875,-193.359375,False
1710827690.4812777,4.39453125,-111.81640625,-199.21875,10.25390625,False
1710827690.485169,25.390625,-113.28125,-112.3046875,265.625,False
1710827690.4890602,69.82421875,-272.94921875,-170.8984375,97.16796875,False
1710827690.4929514,78.125,-247.55859375,-276.85546875,-165.0390625,False
1710827690.4968426,35.15625,-440.91796875,-324.70703125,-38.0859375,False
1710827690.500734,13.671875,-691.40625,-333.0078125,237.79296875,False
1710827690.5046253,57.12890625,-818.359375,-449.70703125,166.015625,False
1710827690.5085166,62.01171875,-417.48046875,-186.5234375,-147.4609375,False
1710827690.5124078,31.25,75.1953125,13.18359375,-130.37109375,False
1710827690.516299,22.4609375,-391.11328125,-270.99609375,185.05859375,False
1710827690.5201902,45.41015625,-557.6171875,-401.3671875,213.37890625,False
1710827690.5242302,63.4765625,-210.9375,-180.17578125,-95.21484375,False
1710827690.5281215,45.41015625,-210.44921875,-255.859375,-183.10546875,False
1710827690.532013,-6.8359375,-533.203125,-329.1015625,70.3125,False
1710827690.5359042,3.41796875,-416.015625,-108.88671875,231.4453125,False
1710827690.5397954,53.7109375,-81.54296875,-44.921875,-10.25390625,False
1710827690.5436866,54.6875,-432.6171875,-260.25390625,-208.0078125,False
1710827690.547578,23.92578125,-882.32421875,-563.4765625,7.8125,False
1710827690.5514693,4.39453125,-732.421875,-500.0,244.62890625,False
1710827690.5553606,9.27734375,32.2265625,40.0390625,46.38671875,False
1710827690.5592518,35.15625,96.19140625,26.3671875,-207.03125,False
1710827690.5631433,-8.7890625,-169.43359375,-191.89453125,-103.515625,False
1710827690.5670345,-33.203125,131.34765625,46.875,175.78125,False
1710827690.5710657,20.5078125,103.515625,-7.8125,140.625,False
1710827690.574957,49.31640625,-472.65625,-329.58984375,-153.80859375,False
1710827690.5788484,4.8828125,-613.28125,-354.98046875,-166.50390625,False
1710827690.5827396,-45.8984375,-291.50390625,-107.421875,108.3984375,False
1710827690.5866308,-20.01953125,-95.703125,-28.3203125,186.03515625,False
1710827690.5905223,29.78515625,-504.8828125,-320.80078125,-61.5234375,False
1710827690.5944135,14.16015625,-889.16015625,-496.09375,-172.36328125,False
1710827690.598305,-52.24609375,-437.98828125,-162.109375,27.83203125,False
1710827690.6021962,-38.57421875,93.75,100.09765625,200.1953125,False
1710827690.6060874,32.2265625,-339.84375,-204.58984375,-8.7890625,False
1710827690.609979,43.45703125,-642.08984375,-412.59765625,-223.14453125,False
1710827690.6138701,-17.08984375,-235.83984375,-195.3125,-70.80078125,False
1710827690.6178873,-17.578125,-47.8515625,-4.39453125,194.3359375,False
1710827690.6217785,24.4140625,-351.5625,-172.8515625,80.56640625,False
1710827690.62567,29.78515625,-463.37890625,-319.3359375,-205.078125,False
1710827690.6295612,-7.8125,-431.640625,-298.828125,-118.1640625,False
1710827690.6334527,-27.34375,-373.046875,-177.24609375,160.15625,False
1710827690.637344,20.01953125,-551.26953125,-340.33203125,156.73828125,False
1710827690.6412354,26.3671875,-938.96484375,-485.3515625,-119.62890625,False
1710827690.6451266,-26.85546875,-638.671875,-274.4140625,-187.98828125,False
1710827690.649018,-53.22265625,-216.30859375,-76.66015625,80.078125,False
1710827690.6529093,-20.5078125,-468.26171875,-239.2578125,203.61328125,False
1710827690.6568007,-0.48828125,-512.20703125,-210.44921875,-85.44921875,False
1710827690.660692,-2.9296875,-50.78125,-24.4140625,-227.5390625,False
